{"default_fov": 75.0, "default_transition_sec": 2.0, "keyframes": [{"matrix": [0.5623717326747188, -0.0033132081885889897, -0.8268778972375147, -2.826007687035253, -0.8268845350400713, -0.0022533431824778016, -0.5623672182445094, -1.9219936667857418, 2.220446049250313e-16, 0.9999919725157806, -0.004006857122353297, -0.013694173065276366, 0.0, 0.0, 0.0, 1.0], "fov": 75.0, "aspect": 1.7777777777777777, "override_transition_enabled": false, "override_transition_sec": null}, {"matrix": [0.7604356412205753, 0.04280113752221154, 0.6480013103291206, 2.2146639670947637, 0.6494133010352132, -0.050118330506612394, -0.7587822595354862, -2.593278288604829, -1.1102230246251565e-16, 0.9978257440926422, -0.06590739280206209, -0.22525066798052115, 0.0, 0.0, 0.0, 1.0], "fov": 75.0, "aspect": 1.7777777777777777, "override_transition_enabled": false, "override_transition_sec": null}], "camera_type": "perspective", "render_height": 1080.0, "render_width": 1920.0, "fps": 30.0, "seconds": 2.0, "is_cycle": false, "smoothness_value": 0.0, "camera_path": [{"camera_to_world": [0.5623717326747188, -0.0033132081885889897, -0.8268778972375147, -2.826007687035253, -0.8268845350400713, -0.0022533431824778016, -0.5623672182445094, -1.9219936667857418, 2.220446049250313e-16, 0.9999919725157806, -0.004006857122353297, -0.013694173065276366, 0.0, 0.0, 0.0, 1.0], "fov": 75.0, "aspect": 1.7777777777777777}, {"camera_to_world": [0.5852979130768334, -0.0033875268056533514, -0.8108112465981492, -2.7419964927997524, -0.810817870707794, -0.0035015777335636877, -0.58528806539537, -1.93318174381606, -0.0008564395966552119, 0.9999881317373307, -0.004796133411456599, -0.017220114647197114, 0.0, 0.0, 0.0, 1.0], "fov": 75.0, "aspect": 1.7777777777777777}, {"camera_to_world": [0.6077654820288053, -0.0034268745679091883, -0.7941091709487995, -2.657985298564252, -0.7941147657854175, -0.0047513982232568475, -0.6077492599555305, -1.944369820846378, -0.0016904484213109972, 0.9999828402255808, -0.005609067526339606, -0.02074605622911786, 0.0, 0.0, 0.0, 1.0], "fov": 75.0, "aspect": 1.7777777777777777}, {"camera_to_world": [0.6297568005790295, -0.0034312205840175136, -0.7767847828387012, -2.573974104328752, -0.7767883336302446, -0.006001823436224296, -0.6297331679778255, -1.9555578978766963, -0.0025013717061396212, 0.9999761021348181, -0.006445021244613602, -0.024271997811038604, 0.0, 0.0, 0.0, 1.0], "fov": 75.0, "aspect": 1.7777777777777777}, {"camera_to_world": [0.6512546036729523, -0.00340056144198686, -0.7588516833852748, -2.4899629100932517, -0.7588521769644443, -0.007251871682374678, -0.6512225302255953, -1.9667459749070144, -0.0032885728074257825, 0.9999679227550161, -0.0073033382715450845, -0.027797939392959346, 0.0, 0.0, 0.0, 1.0], "fov": 75.0, "aspect": 1.7777777777777777}, {"camera_to_world": [0.6722420137076089, -0.0033349212118496396, -0.7403239515960899, -2.4059517158577512, -0.7403203771957583, -0.008500561567567538, -0.6722004757226567, -1.9779340519373325, -0.004051433705384522, 0.9999583085076831, -0.008183344755301775, -0.0313238809748801, 0.0, 0.0, 0.0, 1.0], "fov": 75.0, "aspect": 1.7777777777777777}, {"camera_to_world": [0.6927025537819733, -0.0032343514267666462, -0.7212161333156522, -2.3219405216222513, -0.7212074833624018, -0.009746912764091425, -0.6926505349984511, -1.9891221289676504, -0.004789355489359937, 0.9999472669408211, -0.009084349815984272, -0.034849822556800844, 0.0, 0.0, 0.0, 1.0], "fov": 75.0, "aspect": 1.7777777777777777}, {"camera_to_world": [0.7126201606327284, -0.0030989310425687533, -0.7015432298056749, -2.237929327386751, -0.7015285007108284, -0.010989946780304294, -0.7125566530179782, -2.0003102059979687, -0.005501758828020842, 0.9999348067229982, -0.010005646088025066, -0.03837576413872159, 0.0, 0.0, 0.0, 1.0], "fov": 75.0, "aspect": 1.7777777777777777}, {"camera_to_world": [0.7319791972452924, -0.0029287663757698867, -0.6813206859678145, -2.1539181331512505, -0.6812988789153379, -0.012228687728832649, -0.7319032017863659, -2.011498283028287, -0.006188084424184448, 0.9999209376365444, -0.010946510275531146, -0.041901705720642335, 0.0, 0.0, 0.0, 1.0], "fov": 75.0, "aspect": 1.7777777777777777}, {"camera_to_world": [0.7507644651302043, -0.002723991020098737, -0.6605643782181119, -2.06990693891575, -0.6605344999487694, -0.013462163092726687, -0.750674992618173, -2.022686360058605, -0.006847793453913176, 0.999905670569873, -0.011906203720132416, -0.04542764730256308, 0.0, 0.0, 0.0, 1.0], "fov": 75.0, "aspect": 1.7777777777777777}, {"camera_to_world": [0.7689612162552317, -0.0024847657416181557, -0.6392906020226514, -1.9858957446802499, -0.6392516656137988, -0.014689404488966398, -0.7688572880617986, -2.0338744370889232, -0.0074803679895361075, 0.9998890175089278, -0.012883972980890196, -0.048953588884483826, 0.0, 0.0, 0.0, 1.0], "fov": 75.0, "aspect": 1.7777777777777777}, {"camera_to_world": [0.7865551646238277, -0.0022112783525079505, -0.6175160591042399, -1.9018845504447497, -0.6174670847446422, -0.015909448428727546, -0.7864358134696352, -2.045062514119241, -0.008085311406267504, 0.9998709915277779, -0.013879050425814138, -0.052479530466404564, 0.0, 0.0, 0.0, 1.0], "fov": 75.0, "aspect": 1.7777777777777777}, {"camera_to_world": [0.8035324974908545, -0.00190374356361811, -0.5952578443301304, -1.8178733562092497, -0.5951978600891974, -0.017121337073801576, -0.8033967682048799, -2.056250591149559, -0.008662148772099032, 0.9998516067783505, -0.014890654834518652, -0.056005472048325323, 0.0, 0.0, 0.0, 1.0], "fov": 75.0, "aspect": 1.7777777777777777}, {"camera_to_world": [0.8198798862067612, -0.0015624028159015313, -0.5725334322911013, -1.7338621619737489, -0.5724614748819357, -0.01832411898857876, -0.8197268364762078, -2.0674386681798773, -0.009210427220660955, 0.9998308784793224, -0.015917992011545812, -0.05953141363024607, 0.0, 0.0, 0.0, 1.0], "fov": 75.0, "aspect": 1.7777777777777777}, {"camera_to_world": [0.8355844966817078, -0.0011875240908624796, -0.5493606635824144, -1.6498509677382487, -0.5492757791180738, -0.019516849887006776, -0.8354131977917996, -2.0786267452101956, -0.009729716306762282, 0.9998088229041695, -0.016960255409876945, -0.06305735521216682, 0.0, 0.0, 0.0, 1.0], "fov": 75.0, "aspect": 1.7777777777777777}, {"camera_to_world": [0.8506339994614158, -0.0007794017001687692, -0.5257577307974327, -1.5658397735027485, -0.5256589755398119, -0.02069859337393573, -0.8504435370245196, -2.0898148222405135, -0.010219608344324893, 0.9997854573683944, -0.01801662676414119, -0.06658329679408756, 0.0, 0.0, 0.0, 1.0], "fov": 75.0, "aspect": 1.7777777777777777}, {"camera_to_world": [0.8650165794068387, -0.0003383560545919817, -0.501743164244888, -1.481828579267248, -0.5016296053456336, -0.021868421680268632, -0.8648060540803343, -2.101002899270832, -0.010679718726453541, 0.999760800215929, -0.019086276733023627, -0.07010923837600831, 0.0, 0.0, 0.0, 1.0], "fov": 75.0, "aspect": 1.7777777777777777}, {"camera_to_world": [0.8787209449700506, 0.0001352665875428427, -0.4773358174010115, -1.3978173850317481, -0.47720653363388743, -0.023025416391337088, -0.8784894731623911, -2.1121909763011497, -0.011109686227384397, 0.9997348708047331, -0.02016836555036685, -0.07363517995792905, 0.0, 0.0, 0.0, 1.0], "fov": 75.0, "aspect": 1.7777777777777777}, {"camera_to_world": [0.8917363370590703, 0.0006410943921987267, -0.4525548521079542, -1.3138061907962477, -0.4524089345920824, -0.024168669167935322, -0.8914830516234776, -2.123379053331468, -0.011509173286077007, 0.9997076894915992, -0.02126204368445956, -0.0771611215398498, 0.0, 0.0, 0.0, 1.0], "fov": 75.0, "aspect": 1.7777777777777777}, {"camera_to_world": [0.9040525374846643, 0.0011787302415484646, -0.4274197235301119, -1.2297949965607473, -0.42725627644352093, -0.025297282459446624, -0.9037765883999125, -2.1345671303617864, -0.01187786627123022, 0.9996792776161687, -0.02236645250499366, -0.08068706312177054, 0.0, 0.0, 0.0, 1.0], "fov": 75.0, "aspect": 1.7777777777777777}, {"camera_to_world": [0.9156598769824932, 0.0017477520457454265, -0.4019501648801653, -1.1457838023252471, -0.4017683061630871, -0.026410370208492996, -0.9153604320202475, -2.1457552073921042, -0.012215475727507752, 0.9996496574841793, -0.023480724957158604, -0.08421300470369128, 0.0, 0.0, 0.0, 1.0], "fov": 75.0, "aspect": 1.7777777777777777}, {"camera_to_world": [0.9265492428043065, 0.0023477130743007613, -0.3761661719268322, -1.061772608089747, -0.37596503397419395, -0.027507058546566474, -0.9262254881824937, -2.1569432844224226, -0.012521736602785855, 0.9996188523499526, -0.024603986242353736, -0.08773894628561203, 0.0, 0.0, 0.0, 1.0], "fov": 75.0, "aspect": 1.7777777777777777}, {"camera_to_world": [0.9367120858722244, 0.002978142306804099, -0.35008798729648927, -0.9777614138542464, -0.3498667176390567, -0.02858648648009341, -0.9363632268939207, -2.1681313614527404, -0.012796408456242608, 0.999586886398138, -0.02573535450498288, -0.0912648878675328, 0.0, 0.0, 0.0, 1.0], "fov": 75.0, "aspect": 1.7777777777777777}, {"camera_to_world": [0.9461404274904913, 0.0036385448027148604, -0.32373608458098835, -0.8937502196187459, -0.323493846554627, -0.02964780656638207, -0.9457656891678267, -2.1793194384830583, -0.013039275647122567, 0.9995537847247248, -0.026873941524780568, -0.09479082944945354, 0.0, 0.0, 0.0, 1.0], "fov": 75.0, "aspect": 1.7777777777777777}, {"camera_to_world": [0.95482686560943, 0.004328402089932598, -0.29713115226414677, -0.8097390253832458, -0.2968671256666744, -0.03069018557894135, -0.9544254932720193, -2.190507515513377, -0.013250147504034887, 0.9995195733173405, -0.028018853414144382, -0.09831677103137429, 0.0, 0.0, 0.0, 1.0], "fov": 75.0, "aspect": 1.7777777777777777}, {"camera_to_world": [0.9627645806366787, 0.00504717257184184, -0.27029407747953005, -0.7257278311477456, -0.2700074592146448, -0.03171280516163351, -0.962335840524103, -2.201695592543695, -0.013428858474645478, 0.999484279034848, -0.02916919131991192, -0.10184271261329503, 0.0, 0.0, 0.0, 1.0], "fov": 75.0, "aspect": 1.7777777777777777}, {"camera_to_world": [0.969947340791153, 0.005794291952511438, -0.24324592961227498, -0.6417166369122451, -0.24293593432005467, -0.03271486247115358, -0.9694905206290239, -2.212883669574013, -0.01357526825565035, 0.9994479295862604, -0.030324052129037167, -0.10536865419521577, 0.0, 0.0, 0.0, 1.0], "fov": 75.0, "aspect": 1.7777777777777777}, {"camera_to_world": [0.9763695069955224, 0.006569173679714227, -0.21600794375783106, -0.557705442676745, -0.21567380443130707, -0.033695570807328296, -0.9758839165546763, -2.224071746604331, -0.013689261902924799, 0.999410553508984, -0.03148252917760987, -0.10889459577713653, 0.0, 0.0, 0.0, 1.0], "fov": 75.0, "aspect": 1.7777777777777777}, {"camera_to_world": [0.9820260373033652, 0.007371209405421769, -0.18860150405060655, -0.47369424844124486, -0.1882424726379298, -0.03465416023074206, -0.9815110089417539, -2.235259823634649, -0.01377074992176519, 0.9993721801464172, -0.032643712962662934, -0.11242053735905728, 0.0, 0.0, 0.0, 1.0], "fov": 75.0, "aspect": 1.7777777777777777}, {"camera_to_world": [0.9869124908575259, 0.008199769463407877, -0.16104812687560477, -0.3896830542057444, -0.1606634748673298, -0.03558987816720902, -0.9863673800443719, -2.2464479006649674, -0.013819668337149454, 0.999332839624912, -0.033806691856214, -0.11594647894097801, 0.0, 0.0, 0.0, 1.0], "fov": 75.0, "aspect": 1.7777777777777777}, {"camera_to_world": [0.991025031376565, 0.009054203363590745, -0.13336944397623143, -0.30567185997024426, -0.13295846297725844, -0.03650198999860198, -0.9904492171983719, -2.2576359776952857, -0.013835978743962772, 0.9992925628301219, -0.03497055282096504, -0.11947242052289878, 0.0, 0.0, 0.0, 1.0], "fov": 75.0, "aspect": 1.7777777777777777}, {"camera_to_world": [0.9943604301665664, 0.009933840302723068, -0.10558718547153882, -0.22166066573474338, -0.10514918775726388, -0.037389779639594334, -0.9937533158145889, -2.2688240547256036, -0.013819668337149468, 0.9992513813827543, -0.03613438212711844, -0.12299836210481954, 0.0, 0.0, 0.0, 1.0], "fov": 75.0, "aspect": 1.7777777777777777}, {"camera_to_world": [0.9969160686559362, 0.010837989691029115, -0.07772316279623494, -0.13764947149924325, -0.07725748185247235, -0.03825255009984812, -0.9962770818947275, -2.280012131755922, -0.013770749921765246, 0.9992093276137468, -0.037297266069732854, -0.12652430368674025, 0.0, 0.0, 0.0, 1.0], "fov": 75.0, "aspect": 1.7777777777777777}, {"camera_to_world": [0.9986899404512043, 0.011765941694377113, -0.049799251576851125, -0.05363827726374275, -0.04930524262310372, -0.03908962403120537, -0.9980185340678678, -2.2912002087862398, -0.013689261902924781, 0.9991664345388827, -0.03845829168605389, -0.13005024526866102, 0.0, 0.0, 0.0, 1.0], "fov": 75.0, "aspect": 1.7777777777777777}, {"camera_to_world": [0.999680652912214, 0.01271696779155892, -0.021837374457518568, 0.030372916971757036, -0.021314414953185166, -0.03990034425947095, -0.9989763051460123, -2.302388285816558, -0.013575268255650346, 0.9991227358328725, -0.03961654747227445, -0.13357618685058176, 0.0, 0.0, 0.0, 1.0], "fov": 75.0, "aspect": 1.7777777777777777}, {"camera_to_world": [0.9998874282454626, 0.013690321346241017, 0.006140516111173826, 0.11438411120725753, 0.00669302597805109, -0.04068407430034631, -0.9991496431974448, -2.3135763628468764, -0.013428858474645602, 0.9990782658029153, -0.04077112409913885, -0.13710212843250252, 0.0, 0.0, 0.0, 1.0], "fov": 75.0, "aspect": 1.7777777777777777}, {"camera_to_world": [0.9993101041147352, 0.01468523819313768, 0.03411245510671754, 0.19839530544275769, 0.03469509194854983, -0.04144019885912432, -0.9985384121370584, -2.3247644398771943, -0.013250147504034856, 0.9990330593617647, -0.04192111512584412, -0.14062807001442323, 0.0, 0.0, 0.0, 1.0], "fov": 75.0, "aspect": 1.7777777777777777}, {"camera_to_world": [0.9979491337685532, 0.015700937237946043, 0.06205648217909493, 0.28240649967825815, 0.06266979895605701, -0.04216812431374759, -0.9971430918331974, -2.335952516907512, -0.01303927564712258, 0.9989871520003202, -0.043065617711672825, -0.144154011596344, 0.0, 0.0, 0.0, 1.0], "fov": 75.0, "aspect": 1.7777777777777777}, {"camera_to_world": [0.995805585684335, 0.016736621070570785, 0.08995065889152108, 0.36641769391375834, 0.09059518447743045, -0.04286727918085167, -0.9949647777309161, -2.347140593937831, -0.012796408456242622, 0.9989405797597628, -0.044203733324799106, -0.14767995317826474, 0.0, 0.0, 0.0, 1.0], "fov": 75.0, "aspect": 1.7777777777777777}, {"camera_to_world": [0.9928811427295503, 0.017791476591159462, 0.11777308594398146, 0.45042888814925847, 0.1184493247110876, -0.043537114564433294, -0.9920051799919651, -2.358328670968149, -0.012521736602786035, 0.998893379203261, -0.04533456844771784, -0.15120589476018548, 0.0, 0.0, 0.0, 1.0], "fov": 75.0, "aspect": 1.7777777777777777}, {"camera_to_world": [0.989178100840527, 0.01886467564845462, 0.14550192036604379, 0.5344400823847586, 0.14621035178905292, -0.04417710458677012, -0.9882666221521654, -2.3695167479984667, -0.012215475727507863, 0.9988455873872639, -0.04645723527872154, -0.15473183634210624, 0.0, 0.0, 0.0, 1.0], "fov": 75.0, "aspect": 1.7777777777777777}, {"camera_to_world": [0.9846993672199452, 0.01995537568996328, 0.17311539266544718, 0.6184512766202594, 0.173856470945094, -0.04478674680129113, -0.9837520392972382, -2.380704825028785, -0.011877866271230442, 0.9987972418324099, -0.04757085242891182, -0.15825777792402698, 0.0, 0.0, 0.0, 1.0], "fov": 75.0, "aspect": 1.7777777777777777}, {"camera_to_world": [0.9794484580544358, 0.021062720423431894, 0.20059182391900315, 0.7024624708557589, 0.2013659776254645, -0.04536556258703169, -0.978464975758511, -2.391892902059103, -0.011509173286077243, 0.9987483804940697, -0.0486745456141564, -0.16178371950594772, 0.0, 0.0, 0.0, 1.0], "fov": 75.0, "aspect": 1.7777777777777777}, {"camera_to_world": [0.9734294957540758, 0.02218584048910907, 0.22790964279239603, 0.7864736650912605, 0.22871727452882698, -0.045913097524393515, -0.9724095823303165, -2.403080979089421, -0.011109686227384619, 0.9986990417325468, -0.049767448341478414, -0.16530966108786846, 0.0, 0.0, 0.0, 1.0], "fov": 75.0, "aspect": 1.7777777777777777}, {"camera_to_world": [0.9666472057159453, 0.02332385414226608, 0.2550474024755107, 0.8704848593267606, 0.2558888885619669, -0.04642892175190615, -0.9655906130112685, -2.414269056119739, -0.010679718726453763, 0.9986492642829644, -0.05084870258933026, -0.1688356026697892, 0.0, 0.0, 0.0, 1.0], "fov": 75.0, "aspect": 1.7777777777777777}, {"camera_to_world": [0.9591069126142896, 0.024475867945442403, 0.2819837975200039, 0.9544960535622607, 0.28285948769799807, -0.04691263030369903, -0.9580134212719646, -2.4254571331500574, -0.010219608344325004, 0.9985990872248511, -0.05191745948120803, -0.17236154425170996, 0.0, 0.0, 0.0, 1.0], "fov": 75.0, "aspect": 1.7777777777777777}, {"camera_to_world": [0.9508145362201971, 0.02564097746986921, 0.30869768056589175, 1.0385072477977615, 0.30960789772381714, -0.04736384342743963, -0.9496839558520612, -2.4366452101803757, -0.00972971630676242, 0.9985485499514638, -0.05297287995209702, -0.17588748583363073, 0.0, 0.0, 0.0, 1.0], "fov": 75.0, "aspect": 1.7777777777777777}, {"camera_to_world": [0.9417765867540752, 0.026818268005523394, 0.33516807894402467, 1.1225184420332617, 0.33611311886366013, -0.04778220688246703, -0.9406087560900036, -2.4478332872106936, -0.009210427220661205, 0.9984976921388575, -0.054014135407204844, -0.17941342741555147, 0.0, 0.0, 0.0, 1.0], "fov": 75.0, "aspect": 1.7777777777777777}, {"camera_to_world": [0.9320001597745745, 0.02800681527925275, 0.361374211141417, 1.2065296362687619, 0.36235434226571317, -0.04816739221790564, -0.9307949467890922, -2.459021364241012, -0.008662148772099115, 0.9984465537147397, -0.055040408372483605, -0.1829393689974722, 0.0, 0.0, 0.0, 1.0], "fov": 75.0, "aspect": 1.7777777777777777}, {"camera_to_world": [0.9214929306079725, 0.029205686180408336, 0.38729550311649885, 1.290540830504262, 0.38831096633882767, -0.04851909703052152, -0.9202502326239039, -2.4702094412713302, -0.008085311406267587, 0.9983951748271198, -0.05605089313641078, -0.18646531057939295, 0.0, 0.0, 0.0, 1.0], "fov": 75.0, "aspect": 1.7777777777777777}, {"camera_to_world": [0.9102631483223885, 0.030413939493416142, 0.4129116044514906, 1.3745520247397622, 0.41396261292652325, -0.04883704520213683, -0.9089828920914685, -2.481397518301648, -0.0074803679895361075, 0.9983435958127921, -0.057044796382543596, -0.18999125216131368, 0.0, 0.0, 0.0, 1.0], "fov": 75.0, "aspect": 1.7777777777777777}, {"camera_to_world": [0.8983196292515652, 0.03163062663671162, 0.43820240432920876, 1.4585632189752622, 0.4392891433055715, -0.04912098711640983, -0.8970017710119454, -2.492585595331966, -0.0068477934539130925, 0.9982918571656679, -0.058021337812343636, -0.19351719374323445, 0.0, 0.0, 0.0, 1.0], "fov": 75.0, "aspect": 1.7777777777777777}, {"camera_to_world": [0.8856717500732965, 0.03285479240745587, 0.46314804732176884, 1.542574413210763, 0.4642706739966069, -0.04937069985479841, -0.8843162755839021, -2.5037736723622843, -0.006188084424184642, 0.9982399995049841, -0.05897975075777089, -0.19704313532515522, 0.0, 0.0, 0.0, 1.0], "fov": 75.0, "aspect": 1.7777777777777777}, {"camera_to_world": [0.8723294404479391, 0.03408547573145218, 0.48772894897878083, 1.6265856074462632, 0.4888875923743452, -0.049585987371575865, -0.8709363649996493, -2.514961749392602, -0.005501758828020981, 0.9981880635434122, -0.059919282783189184, -0.20056907690707595, 0.0, 0.0, 0.0, 1.0], "fov": 75.0, "aspect": 1.7777777777777777}, {"camera_to_world": [0.8583031752227837, 0.035321710417670266, 0.5119258112028127, 1.7105968016817634, 0.5131205720651668, -0.04976668064773852, -0.8568725436264262, -2.5261498264229205, -0.004789355489360214, 0.9981360900550966, -0.060839196276087346, -0.20409501848899675, 0.0, 0.0, 0.0, 1.0], "fov": 75.0, "aspect": 1.7777777777777777}, {"camera_to_world": [0.8436039662084109, 0.036562525916788824, 0.5357196374000326, 1.7946079959172643, 0.5369505881199583, -0.04991263782370563, -0.8421358527595834, -2.537337903453239, -0.004051433705384688, 0.9980841198436453, -0.06173876902617301, -0.20762096007091743, 0.0, 0.0, 0.0, 1.0], "fov": 75.0, "aspect": 1.7777777777777777}, {"camera_to_world": [0.8282433535334827, 0.037806948083158765, 0.5590917473941535, 1.8786191901527645, 0.5603589319503177, -0.050023744310685014, -0.8267378619542225, -2.5485259804835567, -0.0032885728074258935, 0.9980321937100913, -0.06261729479236322, -0.21114690165283823, 0.0, 0.0, 0.0, 1.0], "fov": 75.0, "aspect": 1.7777777777777777}, {"camera_to_world": [0.8122333965847616, 0.039053999939590356, 0.5820237920919554, 1.9626303843882646, 0.5833272260163835, -0.05009991288063893, -0.8106906599421158, -2.559714057513875, -0.0025013717061397323, 0.9979803524208635, -0.06347408385724725, -0.21467284323475896, 0.0, 0.0, 0.0, 1.0], "fov": 75.0, "aspect": 1.7777777777777777}, {"camera_to_world": [0.7955866645394638, 0.04030270244436418, 0.6044977678888912, 2.0466415786237655, 0.6058374382547728, -0.05014108373476556, -0.7940068451410213, -2.5709021345441934, -0.0016904484213111082, 0.9979286366757817, -0.06430846356857403, -0.2181987848166797, 0.0, 0.0, 0.0, 1.0], "fov": 75.0, "aspect": 1.7777777777777777}, {"camera_to_world": [0.7783162264973922, 0.041552075259861265, 0.6264960308034353, 2.130652772859265, 0.6278718962352731, -0.05014722455044433, -0.7766995157638571, -2.5820902115745112, -0.0008564395966556559, 0.9978770870761019, -0.06511977886733909, -0.22172472639860047, 0.0, 0.0, 0.0, 1.0], "fov": 75.0, "aspect": 1.7777777777777777}]}